00001000000000000000000000000011
00001000000000000000000000001100
00001000000000000000000000101110
00111100000100010100000000000000
10101111101000000000000000001000
00111100000010001111111111111111
00100001000010000011110010101111
10101111101010000000000000000000
00100001000010001100001101010000
10101111101010000000000000000100
00100000000010000000000000000011
10101111101010000000000000001000
10001111101010000000000000001000
00110001000010001111111111111001
10101111101010000000000000001000
00100010000001000000000000000000
00100010001001010000000000000000
00100000000010000000000000000000
00100000000010010000000000000000
00100000000010100000000000000001
00000000100010100101100000100100
00010101011000000000000000000011
00100001000010000000000000000001
00000000000001000010000001000010
00001000000000000000000000010100
00000000101010100101100000100100
00010101011000000000000000000011
00100001001010010000000000000001
00000000000001010010100001000010
00001000000000000000000000011001
00010000100001010000000000000111
00000000100001010101100000100010
00011101011000000000000000000011
00000000101001000101100000100010
00100001011001010000000000000000
00001000000000000000000000011110
00100001011001000000000000000000
00001000000000000000000000011110
00000001001010000101100000100010
00011101011000000000000000000001
00100001001010000000000000000000
00010001000000000000000000000011
00000001000010100100000000100010
00000000000001000010000001000000
00001000000000000000000000101001
10001111101010000000000000010100
