00001000000000000000000000000011
00001000000000000000000000101110
00001000000000000000000001110111
00100000000111000000000000000000
00100000000010000000000001000000
10101111100010000000000000000000
00100000000010000000000001111001
10101111100010000000000000000100
00100000000010000000000000100100
10101111100010000000000000001000
00100000000010000000000000110000
10101111100010000000000000001100
00100000000010000000000000011001
10101111100010000000000000010000
00100000000010000000000000010010
10101111100010000000000000010100
00100000000010000000000000000010
10101111100010000000000000011000
00100000000010000000000001111000
10101111100010000000000000011100
00100000000010000000000000000000
10101111100010000000000000100000
00100000000010000000000000010000
10101111100010000000000000100100
00100000000010000000000000001000
10101111100010000000000000101000
00100000000010000000000000000011
10101111100010000000000000101100
00100000000010000000000001000110
10101111100010000000000000110000
00100000000010000000000000100001
10101111100010000000000000110100
00100000000010000000000000000110
10101111100010000000000000111000
00100000000010000000000000001110
10101111100010000000000000111100
00111100000100100100000000000000
10101110010000000000000000001000
00111100000010001111111010000011
10101110010010000000000000000000
00100000000010001111111111111111
10101110010010000000000000000100
00100000000010000000000000000011
10101110010010000000000000001000
00100000000010000000000010110100
00000001000000000000000000001000
10001110010010000000000000001000
00110001000010001111111111111001
10101110010010000000000000001000
00100010000001000000000000000000
00100010001001010000000000000000
00010000100000000000000000011110
00010000101000000000000000011100
00100000000010000000000000000000
00100000000010010000000000000000
00100000000010100000000000000001
00000000100010100101100000100100
00010101011000000000000000000011
00100001000010000000000000000001
00000000000001000010000001000010
00001000000000000000000000111000
00000000101010100101100000100100
00010101011000000000000000000011
00100001001010010000000000000001
00000000000001010010100001000010
00001000000000000000000000111101
00010000100001010000000000000111
00000000100001010101100000100010
00011101011000000000000000000011
00000000101001000101100000100010
00100001011001010000000000000000
00001000000000000000000001000010
00100001011001000000000000000000
00001000000000000000000001000010
00000001001010000101100000100010
00011101011000000000000000000001
00100001001010000000000000000000
00010001000000000000000000000100
00000001000010100100000000100010
00000000000001000010000001000000
00001000000000000000000001001101
00100000000001000000000000000000
00100000100000100000000000000000
10101110010000100000000000001100
10001110010010000000000000010100
00000000000010000100101000000010
00110001001010010000000000001111
00000000000010010100100001000000
00100000000010100000000000010000
00010101001010100000000000000001
00100000000010010000000000000001
00100000000010110000000000000001
00100000000011000000000000000010
00100000000011010000000000000100
00100000000011100000000000001000
00010001001010110000000000000100
00010001001011000000000000000101
00010001001011010000000000000110
00010001001011100000000000000111
00100000000010010000000000000001
00000000000100000101000100000010
00001000000000000000000001101100
00110010000010100000000000001111
00001000000000000000000001101100
00000000000100010101000100000010
00001000000000000000000001101100
00110010001010100000000000001111
00001000000000000000000001101100
00000000000010100101000010000000
00000011100010100101100000100000
10001101011010100000000000000000
00000000000010010100101000000000
00000001001010100100000000100000
10101110010010000000000000010100
10001110010010000000000000001000
00100000000010010000000000000010
00000001000010010100000000100101
10101110010010000000000000001000
00000011010000000000000000001000
00000011011000000000000000001000
